0
0
0
0
0
0
0
0
0
0
1747330.3167420793
0
0
0
5040000.000000001
0
0
0
0
0
0
108597.28506787121
0
705882.3529411765
0
0
9313225746154785e-25
0
0
0
0
0
0
0
0
0
2880000.0000000005
3907330.316742081
0
0
0
0
0
0
0
108597.28506787121
0
705882.3529411765
0
0
0
0
0
0
0
0
0
36e5
0
0
0
0
5040000.000000001
1405248.868778279
0
0
0
0
0
814479.6380090481
0
0
0
0
0
0
0
0
0
0
0
0
434389.14027149323
1312941.176470588
0
0
5040000.000000001
0
0
0
0
0
0
0
0
705882.3529411765
0
0
0
0
0
9313225746154785e-25
0
0
0
3600000.000000001
0
0
0
0
0
0
0
0
0
0
0
0
0
0
0
0
0
0
0
0
0
0
0
2117647.058823529
4320000.000000001
2880000.0000000005
2880000.0000000005
4320000.000000001
5040000.000000001
0
0
0
0
0
0
0
0
0
0
0
0
0
0
0
0
0
0
3529411.7647058833
0
0
0
0
0
0
0
0
0
0
0
0
108597.28506787121
705882.3529411765
0
9313225746154785e-25
0
0
0
0
0
0
0
3529411.7647058833
0
0
0
0
0
0
0
0
0
0
0
0
108597.28506787121
705882.3529411765
0
0
9313225746154785e-25
0
0
0
0
0
0
0
0
0
0
1747330.3167420793
5040000.000000001
0
0
0
0
0
0
0
108597.28506787121
705882.3529411765
0
0
0
0
0
0
0
0
0
1411764.7058823528
4320000.000000001
2880000.0000000005
2880000.0000000005
432e4
260633.48416289687
0
0
0
0
0
0
0
814479.6380090481
0
0
0
0
0
0
0
0
0
0
0
4309140.271493211
2880000.0000000005
2880000.0000000005
4320000.000000001
0
0
0
0
0
0
0
0
108597.28506787121
705882.3529411765
0
0
0
0
0
0
0
0
0
0
434389.14027149323
2410859.7285067867
288e4
4320000.000000001
0
0
0
0
0
0
0
0
0
705882.3529411765
0
0
0
0
0
0
0
0
0
0
0
0
2880000.0000000005
4320000.000000001
0
0
0
0
0
0
0
0
0
0
0
0
0
0
0
0
0
0
0
0
4320000.000000001
2491221.7194570117
0
4320000.000000001
0
0
0
0
0
0
0
0
0
0
0
0
0
0
0
0
0
0
0
0
4309140.271493211
2880000.0000000005
2880000.0000000005
4320000.000000001
0
0
0
0
0
0
0
0
108597.28506787121
705882.3529411765
0
0
0
0
3257918.552036199
0
0
0
0
0
0
0
1747330.3167420793
0
5040000.000000001
0
0
0
0
0
0
108597.28506787121
0
705882.3529411765
0
0
0
0
0
0
0
0
0
0
434389.14027149323
2880000.0000000005
2880000.0000000005
432e4
0
0
0
0
0
0
0
0
108597.28506787121
705882.3529411765
0
0
0
434389.14027149323
0
0
0
0
0
0
0
0
2880000.0000000005
432e4
0
0
0
0
0
0
0
108597.28506787121
0
705882.3529411765
0
0
0
0
0
0
0
0
0
0
434389.14027149323
250859.72850678582
0
432e4
5040000.000000001
0
0
0
0
0
0
108597.28506787121
0
705882.3529411765
0
0
0
0
0
0
0
0
0
0
0
0
0
4320000.000000001
2467330.316742081
0
0
0
0
0
0
814479.6380090481
0
0
0
0
0
0
0
0
0
0
0
0
434389.14027149323
2880000.0000000005
2880000.0000000005
3154751.131221717
5040000.000000001
0
0
0
0
0
0
0
0
705882.3529411765
0
0
0
0
0
0
0
0
0
1411764.7058823528
705882.3529411765
0
288e4
1714751.1312217172
5040000.000000001
432e4
0
0
0
0
0
0
108597.28506787121
705882.3529411765
0
0
0
0
0
0
0
0
0
434389.14027149323
0
1714751.1312217182
2880000.0000000005
4320000.000000001
504e4
0
0
0
0
0
0
0
108597.28506787121
705882.3529411765
0
0
0
0
0
0
0
0
0
1411764.7058823528
705882.3529411765
1714751.1312217182
2880000.0000000005
432e4
5040000.000000001
0
0
0
0
0
0
0
0
0
0
0
0
0
0
0
0
0
0
0
434389.14027149323
2410859.7285067867
2880000.0000000005
432e4
0
0
0
0
0
0
0
108597.28506787121
0
705882.3529411765
0
0
0
0
0
0
0
0
0
0
0
2880000.0000000005
2880000.0000000005
1027330.3167420812
0
0
0
0
0
0
0
0
108597.28506787121
705882.3529411765
0
0
0
0
0
0
0
0
0
0
705882.3529411765
2880000.0000000005
1714751.1312217172
4320000.000000001
5040000.000000001
0
0
0
0
0
0
108597.28506787121
0
705882.3529411765
0
0
0
0
0
0
0
0
0
1411764.7058823528
705882.3529411765
1714751.1312217182
288e4
432e4
5040000.000000001
0
0
0
0
0
0
0
108597.28506787121
705882.3529411765
0
0
0
0
0
0
0
0
0
0
434389.14027149323
2880000.0000000005
1690859.7285067867
0
504e4
0
0
0
0
0
0
0
108597.28506787121
705882.3529411765
0
0
0
0
0
0
0
0
0
0
434389.14027149323
2880000.0000000005
2880000.0000000005
0
3850859.7285067867
0
0
0
0
0
0
108597.28506787121
0
705882.3529411765
0
0
0
0
0
0
0
0
0
0
2125248.86877828
2880000.0000000005
0
0
504e4
0
0
0
0
0
0
0
108597.28506787121
705882.3529411765
0
0
0
0
0
0
0
0
0
1411764.7058823528
2420633.4841628945
2880000.0000000005
0
4320000.000000001
5040000.000000001
0
0
0
0
0
0
2117647.0588235296
0
0
0
0
0
0
0
0
0
0
0
0
4309140.271493211
2880000.0000000005
2880000.0000000005
432e4
0
0
0
0
0
0
0
108597.28506787121
0
705882.3529411765
0
0
0
0
0
0
0
0
0
1411764.7058823528
4320000.000000001
2880000.0000000005
2880000.0000000005
4320000.000000001
5040000.000000001
0
0
0
0
0
0
0
108597.28506787121
705882.3529411765
0
0
0
0
0
0
0
0
0
2625882.352941177
432e4
288e4
288e4
4320000.000000001
504e4
0
0
0
0
0
0
0
108597.28506787121
705882.3529411765
0
0
0
0
0
0
0
0
0
0
434389.14027149323
1714751.1312217182
2880000.0000000005
4320000.000000001
504e4
0
0
0
0
0
0
0
0
705882.3529411765
0
0
0
0
0
0
0
0
0
0
434389.14027149323
1714751.1312217182
2880000.0000000005
432e4
5040000.000000001
0
0
0
0
0
0
108597.28506787121
0
705882.3529411765
0
0
0
0
0
0
0
0
0
0
432e4
2880000.0000000005
2880000.0000000005
4320000.000000001
260633.48416289687
0
0
0
0
0
0
0
0
0
0
0
0
0
0
0
0
0
0
0
432e4
2880000.0000000005
2880000.0000000005
432e4
0
0
0
0
0
0
0
0
0
0
0
0
0
0
0
0
0
0
0
1411764.7058823528
705882.3529411765
2880000.0000000005
2880000.0000000005
4320000.000000001
3874751.131221719
0
0
0
0
0
0
0
108597.28506787121
705882.3529411765
0
0
0
0
0
0
0
0
0
0
0
0
288e4
4320000.000000001
504e4
0
0
0
0
0
0
108597.28506787121
0
705882.3529411765
0
0
0
0
0
0
0
0
0
0
0
2880000.0000000005
2880000.0000000005
1027330.3167420812
0
0
0
0
0
0
0
0
108597.28506787121
705882.3529411765
0
0
0
0
3257918.552036199
0
0
0
0
0
0
0
1747330.3167420793
0
5040000.000000001
0
0
0
0
0
0
0
108597.28506787121
705882.3529411765
0
0
0
0
0
0
0
0
0
3600000.000000001
3565248.86877828
2880000.0000000005
0
0
0
0
0
0
0
0
0
0
108597.28506787121
705882.3529411765
0
0
0
0
0
0
0
0
0
434389.14027149323
0
0
288e4
0
5040000.000000001
1690859.7285067867
0
0
0
0
0
0
108597.28506787121
705882.3529411765
0
0
3257918.552036199
0
0
0
0
0
0
0
0
2880000.0000000005
649411.7647058833
0
0
0
0
0
0
0
0
0
108597.28506787121
705882.3529411765
0
9313225746154785e-25
0
0
0
0
0
0
0
0
0
0
0
0
3529411.7647058833
0
0
0
0
0
0
0
108597.28506787121
705882.3529411765
0
0
0
0
0
0
0
0
0
0
0
2880000.0000000005
649411.7647058833
0
0
0
0
0
0
0
0
0
0
0
0
0
0
0
0
0
0
0
0
0
432e4
2880000.0000000005
2880000.0000000005
4320000.000000001
260633.48416289687
0
0
0
0
0
0
0
0
0
0
0
0
0
0
0
0
0
0
0
3529411.7647058833
0
0
0
0
0
0
0
0
0
0
0
108597.28506787121
705882.3529411765
0
0
0
0
0
0
0
0
0
0
1027330.3167420812
2880000.0000000005
2880000.0000000005
0
0
0
0
0
0
0
0
108597.28506787121
0
705882.3529411765
0
0
0
0
0
0
0
0
0
0
434389.14027149323
0
0
4320000.000000001
504e4
250859.72850678675
0
0
0
0
0
0
108597.28506787121
705882.3529411765
0
0
0
0
0
0
0
0
0
0
434389.14027149323
0
0
432e4
2032941.176470589
0
0
0
0
0
0
0
108597.28506787121
705882.3529411765
0
0
0
0
0
0
0
0
0
0
434389.14027149323
0
0
0
2032941.176470589
4320000.000000001
0
0
0
0
0
0
0
705882.3529411765
0
0
0
0
0
0
0
0
9313225746154785e-25
1051221.7194570117
0
2880000.0000000005
2880000.0000000005
4320000.000000001
0
0
0
0
0
0
0
0
108597.28506787121
705882.3529411765
0
0
0
0
0
0
0
0
0
2625882.3529411764
4320000.000000001
2880000.0000000005
2880000.0000000005
4320000.000000001
0
0
0
0
0
0
0
0
108597.28506787121
705882.3529411765
0
0
3257918.552036199
0
0
0
0
0
0
0
0
2880000.0000000005
649411.7647058833
0
0
0
0
0
0
0
0
0
108597.28506787121
705882.3529411765
0
0
0
0
0
0
0
0
0
0
434389.14027149323
2880000.0000000005
2880000.0000000005
0
592941.1764705889
0
0
0
0
0
0
0
108597.28506787121
705882.3529411765
0
0
0
0
0
0
0
0
0
0
434389.14027149323
2880000.0000000005
2880000.0000000005
0
0
3850859.7285067867
0
0
0
0
0
108597.28506787121
0
705882.3529411765
0
0
0
0
0
0
0
0
0
1411764.7058823528
432e4
2880000.0000000005
2880000.0000000005
0
0
236742.08144796267
0
0
0
0
0
705882.3529411765
705882.3529411765
705882.3529411765
0
0
0
0
0
0
0
0
0
3600000.000000001
4320000.000000001
952398.190045245
2880000.0000000005
4320000.000000001
0
0
0
0
0
0
0
108597.28506787121
0
705882.3529411765
0
0
0
0
0
0
0
0
0
0
434389.14027149323
2880000.0000000005
2880000.0000000005
3850859.7285067867
0
0
0
0
0
0
0
0
108597.28506787121
705882.3529411765
0
0
0
0
0
0
0
0
0
0
4320000.000000001
0
0
432e4
1405248.868778281
0
0
0
0
0
0
0
705882.3529411765
705882.3529411765
0
0
0
0
0
0
0
0
0
1411764.7058823528
4320000.000000001
2880000.0000000005
2880000.0000000005
4320000.000000001
260633.48416289687
0
0
0
0
0
705882.3529411759
705882.3529411765
705882.3529411765
705882.3529411765
0
0
0
0
0
0
0
0
0
1411764.7058823528
4320000.000000001
2880000.0000000005
2880000.0000000005
432e4
260633.48416289687
0
0
0
0
0
705882.3529411759
705882.3529411765
705882.3529411765
705882.3529411765
0
0
2660633.484162896
0
0
0
0
0
0
1411764.7058823528
4320000.000000001
2880000.0000000005
2880000.0000000005
4320000.000000001
260633.48416289687
0
0
0
0
0
705882.3529411759
705882.3529411765
705882.3529411765
705882.3529411765
0
0
0
0
0
0
0
0
0
0
705882.3529411765
2880000.0000000005
2880000.0000000005
432e4
3874751.131221719
0
0
0
0
0
705882.3529411759
705882.3529411765
705882.3529411765
705882.3529411765
0
0
0
0
0
0
0
0
0
0
432e4
2880000.0000000005
2845248.868778281
0
0
0
0
0
0
0
705882.3529411759
705882.3529411765
705882.3529411765
705882.3529411765
0
0
0
0
0
0
0
0
0
0
0
0
288e4
4320000.000000001
2410859.7285067867
0
0
0
162895.92760180868
0
705882.3529411759
705882.3529411765
705882.3529411765
705882.3529411765
0
0
0
0
0
0
0
0
0
36e5
432e4
288e4
1905882.352941176
4320000.000000001
504e4
0
0
0
0
0
0
0
108597.28506787121
705882.3529411765
0
0
0
0
0
0
0
0
0
1411764.7058823528
4320000.000000001
2880000.0000000005
2880000.0000000005
4320000.000000001
0
0
0
0
162895.92760180868
0
705882.3529411759
705882.3529411765
705882.3529411765
705882.3529411765
0
0
0
0
0
0
0
0
0
0
705882.3529411765
2410859.7285067867
2880000.0000000005
432e4
0
0
0
0
0
0
0
705882.3529411765
705882.3529411765
705882.3529411765
0
0
0
0
0
0
0
0
0
1411764.7058823528
4320000.000000001
2880000.0000000005
2880000.0000000005
4320000.000000001
5040000.000000001
0
0
0
162895.92760180868
0
705882.3529411759
705882.3529411765
705882.3529411765
705882.3529411765
0
0
0
0
0
0
0
0
0
2625882.352941177
432e4
288e4
288e4
4320000.000000001
5040000.000000001
0
0
0
162895.92760180868
0
705882.3529411759
705882.3529411765
705882.3529411765
705882.3529411765
0
0
0
0
0
0
0
0
0
2625882.352941177
432e4
288e4
288e4
4320000.000000001
5040000.000000001
0
0
0
868778.2805429827
0
0
705882.3529411765
705882.3529411765
705882.3529411765
0
0
0
0
0
0
0
0
0
2117647.058823529
0
2880000.0000000005
2410859.7285067867
4320000.000000001
0
0
0
0
868778.2805429827
0
0
1411764.7058823528
0
705882.3529411765
0
0
0
0
0
0
0
0
0
0
3907330.316742082
2880000.0000000005
0
0
0
0
0
0
868778.2805429827
0
0
705882.3529411765
705882.3529411765
705882.3529411769
0
0
0
0
0
0
0
0
0
0
4320000.000000001
2880000.0000000005
2880000.0000000005
4320000.000000001
5040000.000000001
0
0
0
868778.2805429827
0
0
1411764.7058823528
0
705882.3529411765
0
0
0
0
0
0
0
0
0
2625882.352941175
432e4
288e4
288e4
4320000.000000001
5040000.000000001
0
0
0
2280542.9864253365
0
0
0
0
705882.3529411765
0
0
0
0
0
0
0
0
0
36e5
432e4
1905882.352941176
288e4
4320000.000000001
0
0
0
0
868778.2805429827
0
0
705882.3529411765
705882.3529411765
705882.3529411765
0
0
0
0
0
0
0
0
0
0
4320000.000000001
2738823.529411765
0
0
0
0
0
0
868778.2805429827
0
0
1411764.7058823528
0
705882.3529411765
0
0
0
0
0
0
0
0
0
0
0
0
0
0
0
3529411.7647058833
0
0
868778.2805429827
0
0
705882.3529411765
705882.3529411765
705882.3529411765
0
0
0
0
0
0
0
0
0
2625882.352941177
432e4
288e4
288e4
4320000.000000001
5040000.000000001
0
0
0
0
0
0
705882.3529411765
705882.3529411765
705882.3529411765
0
0
0
0
0
0
0
0
