3725290298461914e-24
0
0
648e4
0
576e4
288e4
216e4
144e4
0
0
0
0
0
0
0
0
216e4
288e4
0
0
0
0
0
0
0
0
0
0
0
0
0
0
0
0
0
0
0
0
0
0
216e4
288e4
0
0
0
0
0
0
0
0
0
0
0
0
216e4
0
0
0
0
0
0
0
0
0
216e4
288e4
0
0
0
0
0
0
0
0
0
0
0
0
216e4
0
0
0
0
0
0
0
0
0
0
2808000.000000001
0
0
0
0
0
0
0
0
0
0
0
0
0
0
0
0
0
0
0
0
0
0
216e4
226800.00000000093
0
0
0
0
0
0
0
0
0
0
0
143999.99999999907
216e4
144e4
0
0
0
0
0
0
3168720
288e4
216e4
234e4
0
0
0
0
0
0
0
0
0
0
0
0
0
0
0
0
0
0
0
0
0
0
0
288e4
0
0
0
0
0
0
0
0
0
0
0
0
0
0
0
0
0
0
0
0
0
0
0
288e4
0
0
0
0
0
0
0
0
0
0
0
0
0
0
0
0
0
0
0
0
0
0
216e4
288e4
0
0
0
0
0
0
0
0
0
0
0
1115999.999999999
216e4
0
0
0
0
0
0
0
0
288e4
216e4
288e4
0
0
0
0
0
0
0
0
0
0
0
0
216e4
0
0
0
0
0
0
0
0
288e4
216e4
288e4
0
0
0
0
0
0
0
0
0
0
0
0
216e4
0
0
0
0
0
0
0
0
0
216e4
2808000.000000001
0
0
0
0
0
0
0
0
0
0
0
0
273600
0
0
0
0
0
0
0
0
0
216e4
2340000.000000001
0
0
0
0
0
0
0
0
0
0
0
0
0
-9313225746154785e-25
0
0
0
0
0
0
0
288e4
216e4
2340000.000000001
0
0
0
0
0
0
0
0
0
0
0
0
216e4
0
0
0
0
0
0
0
0
288e4
216e4
288e4
0
0
0
0
0
0
0
0
0
0
0
0
216e4
0
0
0
0
0
0
0
0
0
216e4
288e4
0
0
0
0
0
0
0
0
0
0
0
0
216e4
0
0
0
0
0
0
0
0
311040
216e4
288e4
0
0
0
0
0
0
0
0
0
0
0
0
216e4
0
0
0
0
0
0
0
0
0
561600
288e4
0
0
0
0
0
0
0
0
0
0
0
0
216e4
0
0
0
0
0
0
0
0
0
216e4
288e4
0
0
0
0
0
0
0
0
0
0
0
0
0
0
0
0
0
0
0
0
0
0
216e4
288e4
0
0
0
0
0
0
0
0
0
0
0
0
216e4
0
0
0
0
0
0
0
0
288e4
216e4
2808000.000000001
0
0
0
0
0
0
0
0
0
0
0
1115999.999999999
216e4
0
0
0
0
0
0
0
0
288e4
216e4
288e4
0
0
0
0
0
0
0
0
0
0
0
0
216e4
0
0
0
0
0
0
0
0
288e4
216e4
288e4
0
0
0
0
0
0
0
0
0
0
0
1115999.999999999
216e4
0
0
0
0
0
0
0
0
288e4
216e4
2340000.000000001
0
0
0
0
0
0
0
0
0
0
0
0
216e4
0
0
0
0
0
0
0
0
0
216e4
288e4
0
0
0
0
0
0
0
0
0
0
0
0
-9313225746154785e-25
0
0
0
0
0
0
0
0
0
216e4
288e4
0
0
0
0
0
0
0
0
0
0
18e4
0
216e4
0
0
0
0
0
0
0
0
288e4
216e4
288e4
0
0
0
0
0
0
0
0
0
0
0
1115999.999999999
216e4
0
0
0
0
0
0
0
0
288e4
216e4
288e4
0
0
0
0
0
0
0
0
0
0
0
0
216e4
0
0
0
0
0
0
0
0
0
216e4
288e4
0
0
0
0
0
0
0
0
0
0
0
0
216e4
0
0
0
0
0
0
0
0
0
216e4
288e4
0
0
0
0
0
0
0
0
0
0
0
0
216e4
0
0
0
0
0
0
0
0
0
216e4
288e4
0
0
0
0
0
0
0
0
0
0
0
1115999.999999999
216e4
0
0
0
0
0
0
0
0
288e4
216e4
288e4
864000.0000000009
0
0
0
0
0
0
0
0
0
0
0
216e4
0
0
0
0
0
0
0
0
288e4
216e4
288e4
0
0
0
0
0
0
0
0
0
0
935999.9999999995
179999.99999999953
216e4
0
0
0
0
0
0
0
3168720
288e4
216e4
288e4
0
0
0
0
0
0
0
0
0
0
0
1115999.999999999
216e4
468e3
0
-11430856261540612e-26
0
0
-4358589649200439e-24
0
3505680.0000000056
288e4
216e4
288e4
0
0
0
0
0
0
0
0
0
0
0
0
216e4
0
0
0
0
0
0
0
0
288e4
216e4
2808000.000000001
0
0
0
0
0
0
0
0
0
0
0
0
216e4
0
0
0
0
0
0
0
0
288e4
216e4
288e4
0
0
0
0
0
0
0
0
0
0
0
18e4
216e4
0
0
0
0
0
0
0
0
288e4
216e4
0
2340000.000000001
0
0
0
0
0
0
0
0
0
0
7200
216e4
0
0
0
0
0
0
0
0
288e4
216e4
2340000.000000001
0
0
0
0
0
0
0
0
0
0
0
1115999.999999999
216e4
0
0
0
0
0
0
0
0
288e4
216e4
288e4
0
0
0
0
0
0
0
0
0
0
0
0
1871999.9999999995
0
0
0
0
0
0
0
0
1743120
216e4
288e4
0
0
0
0
0
0
0
0
0
0
0
0
0
0
0
0
0
0
0
0
0
0
216e4
288e4
0
0
0
0
0
0
0
0
0
0
0
0
216e4
0
0
0
0
0
0
0
0
0
216e4
288e4
0
0
0
0
0
0
0
0
0
0
0
0
216e4
0
0
0
0
0
0
0
0
0
216e4
288e4
0
0
0
0
0
0
0
0
0
0
0
0
216e4
0
0
0
0
0
0
0
0
0
216e4
288e4
0
0
0
0
0
0
0
0
0
0
0
0
216e4
0
0
0
0
0
0
0
0
0
0
288e4
0
0
0
0
0
0
0
0
0
0
0
0
0
0
0
0
0
0
0
0
0
0
0
288e4
0
0
0
0
0
0
0
0
0
0
-9313225746154785e-25
0
0
0
0
0
0
0
0
0
0
0
0
2340000.000000001
0
0
0
0
0
0
0
0
0
0
0
18e4
216e4
0
0
0
0
0
0
0
0
288e4
216e4
2340000.000000001
0
0
0
0
0
0
0
0
0
0
0
0
-9313225746154785e-25
0
0
0
0
0
0
0
0
0
0
288e4
0
0
0
0
0
0
0
0
0
0
0
0
216e4
0
0
0
0
0
0
0
0
0
0
288e4
0
0
0
0
0
0
0
0
0
0
0
0
216e4
0
0
0
0
0
0
0
0
0
216e4
288e4
0
0
0
0
0
0
0
0
0
0
0
0
216e4
0
0
0
0
0
0
0
0
0
0
288e4
0
0
0
0
0
0
0
0
0
0
0
0
216e4
0
0
0
0
0
0
0
0
0
0
2808000.000000001
0
0
0
0
0
0
0
0
0
0
0
0
0
0
0
0
0
0
0
0
0
288e4
216e4
288e4
0
0
0
0
0
0
0
0
0
0
0
1115999.999999999
216e4
468e3
0
0
0
0
0
0
164160
288e4
216e4
288e4
0
0
0
0
0
0
0
0
0
0
0
0
216e4
0
0
0
0
0
0
0
0
0
0
288e4
0
0
0
0
0
0
0
0
0
0
0
0
216e4
0
0
0
0
0
0
0
0
0
0
288e4
0
0
0
0
0
0
0
0
0
0
0
0
216e4
0
0
0
0
0
0
0
0
0
216e4
288e4
0
0
0
0
0
0
0
0
0
0
0
1115999.999999999
216e4
0
0
0
0
0
0
0
0
0
216e4
288e4
864000.0000000009
0
0
0
0
0
0
0
0
0
0
1115999.999999999
216e4
0
0
0
0
0
0
0
0
288e4
216e4
288e4
0
0
0
0
0
0
0
0
0
0
0
0
216e4
0
0
0
0
0
0
0
0
0
216e4
288e4
0
0
0
0
0
0
0
0
0
0
0
0
216e4
0
0
0
0
0
0
0
0
0
216e4
288e4
396000.00000000093
0
0
0
0
0
0
0
0
0
0
1115999.999999999
216e4
0
0
0
0
0
0
0
0
288e4
216e4
0
4212e3
0
0
0
0
0
0
0
0
0
0
1115999.999999999
216e4
0
0
0
0
0
0
0
0
288e4
216e4
0
4212e3
0
0
0
0
0
0
0
0
0
0
288e4
216e4
0
0
0
0
0
0
0
0
288e4
216e4
288e4
1332000.000000001
0
0
0
0
0
0
0
0
0
0
18e4
216e4
0
0
0
0
0
0
0
0
288e4
216e4
0
4212e3
0
0
0
0
0
0
0
0
0
0
0
216e4
0
0
0
0
0
0
0
0
0
216e4
0
4212e3
0
0
0
0
0
0
0
0
0
0
0
1871999.9999999995
0
0
0
0
0
0
0
0
0
216e4
0
432e4
0
0
0
0
0
0
0
0
0
0
1115999.999999999
216e4
468e3
0
0
0
0
-4358589649200439e-24
0
3505680.0000000056
288e4
216e4
288e4
0
0
0
0
0
0
0
0
0
0
0
1115999.999999999
216e4
0
0
0
0
0
0
0
0
2707200
216e4
0
432e4
0
0
0
0
0
0
0
0
0
0
18e4
216e4
0
0
0
0
0
0
0
0
0
216e4
0
3744000.0000000005
0
0
0
0
0
0
0
0
0
0
1115999.999999999
216e4
0
0
0
0
0
0
0
3168720
288e4
216e4
0
432e4
0
0
0
0
0
0
0
0
0
0
1115999.999999999
216e4
467999.99999999977
0
0
-11641532182693481e-26
0
0
0
3505680
288e4
216e4
0
432e4
0
0
0
0
0
0
0
0
0
0
1115999.999999999
216e4
468000.0000000001
0
0
-6984919309616089e-25
0
0
0
3505680
288e4
216e4
0
432e4
0
0
0
0
0
0
0
0
0
935999.9999999995
1871999.9999999998
467999.9999999998
0
0
0
0
0
0
0
0
0
216e4
0
432e4
0
0
0
0
0
0
0
0
0
0
0
0
0
0
0
0
0
0
0
0
0
216e4
0
432e4
0
0
0
0
0
0
0
0
0
18e4
0
216e4
0
0
0
0
0
0
0
3168720
288e4
216e4
0
432e4
0
0
0
0
0
0
0
0
0
0
1115999.999999999
216e4
468000.0000000001
0
0
-23283064365386963e-26
-8149072527885437e-25
0
0
3505680
288e4
216e4
0
432e4
0
0
0
0
0
0
0
0
0
0
1115999.999999999
216e4
467999.99999999977
0
0
4656612873077393e-25
23283064365386963e-26
0
0
164160
288e4
216e4
0
432e4
0
0
0
0
0
0
0
0
0
0
-9313225746154785e-25
0
0
0
0
0
0
0
0
0
18e4
216e4
0
432e4
0
0
0
0
0
0
0
0
0
0
0
-9313225746154785e-25
0
0
0
0
0
0
0
0
0
0
0
432e4
0
0
0
0
0
0
0
0
0
0
2807999.999999999
467999.9999999998
468e3
0
0
0
0
0
0
3505680
288e4
216e4
0
0
3744000.0000000005
0
0
0
0
0
0
0
468e3
0
2339999.999999999
467999.9999999998
