3e7
3e7
3e7
21692307.692307696
21692307.692307696
14307692.307692308
10615384.615384616
7846153.846153846
6e6
6e6
7485230.76923077
7485230.76923077
7485230.76923077
7485230.76923077
11769230.76923077
11769230.76923077
11769230.76923077
9e6
5307692.307692307
5307692.307692307
5307692.307692307
5399999.999999999
5399999.999999999
5999999.999999999
5999999.999999999
5999999.999999999
6e6
6e6
6e6
6e6
6e6
6e6
6e6
6e6
6e6
6e6
8448e3
11769230.76923077
11769230.76923077
11769230.76923077
11769230.76923077
9e6
5307692.307692307
5307692.307692307
5307692.307692307
5399999.999999999
5399999.999999999
5999999.999999999
5999999.999999999
5999999.999999999
5999999.999999999
5999999.999999999
5999999.999999999
5999999.999999999
5999999.999999999
3230769.230769229
3230769.230769229
6290769.230769229
6290769.230769229
6290769.230769229
6290769.230769229
6290769.230769229
10574769.230769228
11769230.76923077
11769230.76923077
9e6
5307692.307692307
5307692.307692307
5307692.307692307
5999999.999999999
5999999.999999999
5999999.999999999
5999999.999999999
5999999.999999999
5999999.999999999
5999999.999999999
5999999.999999999
5999999.999999999
5999999.999999999
3230769.230769229
3230769.230769229
3230769.230769229
3599999.9999999995
4716e3
4716e3
4716e3
9e6
9e6
9e6
9e6
5399999.999999999
5399999.999999999
5399999.999999999
5399999.999999999
5399999.999999999
5999999.999999999
5999999.999999999
5999999.999999999
5999999.999999999
5999999.999999999
