3725290298461914e-24
0
0
648e4
0
576e4
288e4
216e4
144e4
0
0
0
0
0
0
0
0
216e4
288e4
0
0
0
0
0
0
0
0
0
0
0
0
0
0
0
0
0
0
0
0
0
0
216e4
288e4
0
0
0
0
0
0
0
0
0
0
0
0
216e4
0
0
0
0
0
0
0
0
0
216e4
288e4
0
0
0
0
0
0
0
0
0
0
0
0
216e4
0
0
0
0
0
0
0
0
0
0
2808000.000000001
0
0
0
0
0
0
0
0
0
0
0
0
0
0
0
0
0
0
0
0
0
0
216e4
226800.00000000093
0
0
0
0
0
0
0
0
0
0
0
143999.99999999907
216e4
144e4
0
0
0
0
0
0
3168720
288e4
216e4
234e4
0
0
0
0
0
0
0
0
0
0
0
0
0
0
0
0
0
0
0
0
0
0
0
288e4
0
0
0
0
0
0
0
0
0
0
0
0
0
0
0
0
0
0
0
0
0
0
0
288e4
0
0
0
0
0
0
0
0
0
0
0
0
0
0
0
0
0
0
0
0
0
0
216e4
288e4
0
0
0
0
0
0
0
0
0
0
0
1115999.999999999
216e4
0
0
0
0
0
0
0
0
288e4
216e4
288e4
0
0
0
0
0
0
0
0
0
0
0
0
216e4
0
0
0
0
0
0
0
0
288e4
216e4
288e4
0
0
0
0
0
0
0
0
0
0
0
0
216e4
0
0
0
0
0
0
0
0
0
216e4
288e4
0
0
0
0
0
0
0
0
0
0
0
0
273600
0
0
0
0
0
0
0
0
0
216e4
2340000.000000001
0
0
0
0
0
0
0
0
0
0
0
0
0
0
0
0
0
0
0
0
0
288e4
216e4
2340000.000000001
0
0
0
0
0
0
0
0
0
0
0
0
216e4
0
0
0
0
0
0
0
0
288e4
216e4
288e4
0
0
0
0
0
0
0
0
0
0
0
0
216e4
0
0
0
0
0
0
0
0
0
216e4
288e4
0
0
0
0
0
0
0
0
0
0
0
0
216e4
0
0
0
0
0
0
0
0
311040
216e4
288e4
0
0
0
0
0
0
0
0
0
0
0
0
216e4
0
0
0
0
0
0
0
0
0
561600
288e4
0
0
0
0
0
0
0
0
0
0
0
0
216e4
0
0
0
0
0
0
0
0
0
216e4
288e4
0
0
0
0
0
0
0
0
0
0
0
0
0
0
0
0
0
0
0
0
0
0
216e4
288e4
0
0
0
0
0
0
0
0
0
0
0
0
216e4
0
0
0
0
0
0
0
0
288e4
216e4
2808000.000000001
0
0
0
0
0
0
0
0
0
0
0
1115999.999999999
216e4
0
0
0
0
0
0
0
0
288e4
216e4
288e4
0
0
0
0
0
0
0
0
0
0
0
0
216e4
0
0
0
0
0
0
0
0
288e4
216e4
288e4
0
0
0
0
0
0
0
0
0
0
0
1115999.999999999
216e4
0
0
0
0
0
0
0
0
288e4
216e4
2340000.000000001
0
0
0
0
0
0
0
0
0
0
0
0
216e4
0
0
0
0
0
0
0
0
0
216e4
288e4
0
0
0
0
0
0
0
0
0
0
0
0
0
0
0
0
0
0
0
0
0
0
216e4
288e4
0
0
0
0
0
0
0
0
0
0
18e4
0
216e4
0
0
0
0
0
0
0
0
288e4
216e4
288e4
0
0
0
0
0
0
0
0
0
0
0
1115999.999999999
216e4
0
0
0
0
0
0
0
0
288e4
216e4
288e4
0
0
0
0
0
0
0
0
0
0
0
0
216e4
0
0
0
0
0
0
0
0
0
216e4
288e4
0
0
0
0
0
0
0
0
0
0
0
0
216e4
0
0
0
0
0
0
0
0
0
216e4
288e4
0
0
0
0
0
0
0
0
0
0
0
0
216e4
0
0
0
0
0
0
0
0
0
216e4
288e4
0
0
0
0
0
0
0
0
0
0
0
1115999.999999999
216e4
0
0
0
0
0
0
0
0
288e4
216e4
288e4
864000.0000000009
0
0
0
0
0
0
0
0
0
0
0
216e4
0
0
0
0
0
0
0
0
288e4
216e4
288e4
0
0
0
0
0
0
0
0
0
0
935999.9999999995
179999.99999999953
216e4
0
0
0
0
0
0
0
3168720
288e4
216e4
288e4
0
0
0
0
0
0
0
0
0
0
0
1115999.999999999
216e4
468e3
0
0
0
0
0
0
3505680
288e4
216e4
288e4
0
0
0
0
0
0
0
0
0
0
0
0
216e4
0
0
0
0
0
0
0
0
2880000.0000000056
216e4
2808000.000000001
0
0
0
0
0
0
0
0
0
0
0
0
216e4
0
0
0
0
0
0
0
0
288e4
216e4
288e4
0
0
0
0
0
0
0
0
0
0
0
18e4
216e4
0
0
0
0
0
0
0
0
288e4
216e4
0
2340000.000000001
0
0
0
0
0
0
0
0
0
0
7200
216e4
0
0
0
0
0
0
0
0
288e4
216e4
2340000.000000001
0
0
0
0
0
0
0
0
0
0
0
1115999.999999999
216e4
0
0
0
0
0
0
0
0
288e4
216e4
288e4
0
0
0
0
0
0
0
0
0
0
0
0
1871999.9999999995
0
0
0
0
0
0
0
0
1743120
216e4
288e4
0
0
0
0
0
0
0
0
0
0
0
0
1403999.9999999995
0
0
0
0
0
0
0
467999.99999999965
