3e7
3e7
3e7
21692307.692307692
21692307.692307692
14307692.307692308
10615384.615384616
7846153.846153846
6e6
6e6
7485230.769230767
7485230.769230767
7485230.769230767
7485230.769230767
11769230.769230768
11769230.769230768
11769230.769230768
9e6
5307692.307692308
5307692.307692308
5307692.307692308
5399999.999999999
5399999.999999999
5999999.999999999
5999999.999999999
5999999.999999999
6e6
6e6
6e6
6e6
6e6
6e6
6e6
6e6
6e6
6e6
8448e3
11769230.769230768
11769230.769230768
11769230.769230768
11769230.769230768
9e6
5307692.307692308
5307692.307692308
5307692.307692308
5399999.999999999
5399999.999999999
5999999.999999999
5999999.999999999
5999999.999999999
5999999.999999999
5999999.999999999
5999999.999999999
5999999.999999999
5999999.999999999
3230769.23076923
3230769.23076923
6290769.23076923
6290769.23076923
6290769.23076923
6290769.23076923
6290769.23076923
10574769.230769232
11769230.769230768
11769230.769230768
9e6
5307692.307692308
5307692.307692308
5307692.307692308
5999999.999999999
5999999.999999999
5999999.999999999
5999999.999999999
5999999.999999999
5999999.999999999
5999999.999999999
5999999.999999999
5999999.999999999
5999999.999999999
3230769.23076923
3230769.23076923
3230769.23076923
3599999.9999999995
4715999.999999999
4715999.999999999
4715999.999999999
9e6
9e6
9e6
9e6
5399999.999999999
5399999.999999999
5399999.999999999
5399999.999999999
5399999.999999999
5999999.999999999
5999999.999999999
5999999.999999999
5999999.999999999
5999999.999999999
5999999.999999999
6e6
6e6
6e6
6e6
906e4
906e4
906e4
906e4
906e4
906e4
906e4
906e4
6290769.230769231
5999999.999999999
5999999.999999999
5999999.999999999
5999999.999999999
5999999.999999999
5999999.999999999
5999999.999999999
5999999.999999999
5999999.999999999
5999999.999999999
5999999.999999999
5999999.999999999
5815384.615384615
3046153.846153846
1199999.9999999998
2999999.9999999995
6672e3
912e4
11568e3
1524e4
19524e3
15461538.46153846
11769230.769230768
9e6
6e6
6e6
6e6
6e6
6e6
6e6
6e6
6e6
6e6
6e6
6e6
6e6
6e6
6e6
6e6
9e6
9e6
9e6
9e6
9e6
9e6
9e6
9e6
9e6
5307692.307692308
5307692.307692308
5307692.307692308
5307692.307692308
5399999.999999999
5999999.999999999
5999999.999999999
6e6
6e6
6e6
6e6
6e6
6e6
6e6
6e6
9e6
9e6
9e6
9e6
9e6
9e6
9e6
9e6
9e6
5307692.307692308
5307692.307692308
5307692.307692308
5307692.307692308
5399999.999999999
5999999.999999999
5999999.999999999
5999999.999999999
6e6
6e6
6e6
6e6
6e6
6e6
6e6
6e6
6e6
6e6
6e6
7485230.769230767
11769230.769230768
11769230.769230768
11769230.769230768
9e6
5307692.307692308
5307692.307692308
5307692.307692308
5307692.307692308
5399999.999999999
5999999.999999999
5999999.999999999
5999999.999999999
5999999.999999999
5999999.999999999
5999999.999999999
5999999.999999999
4569230.769230769
1799999.9999999998
1799999.9999999998
2999999.9999999995
6672e3
912e4
11568e3
1524e4
15461538.46153846
15461538.46153846
11769230.769230768
9e6
5307692.307692308
5307692.307692308
5307692.307692308
5307692.307692308
5999999.999999999
5999999.999999999
5999999.999999999
5999999.999999999
5999999.999999999
5999999.999999999
5999999.999999999
5999999.999999999
5999999.999999999
3230769.23076923
3230769.23076923
3230769.23076923
6893538.46153846
9341538.46153846
11789538.46153846
15461538.46153846
15461538.46153846
15461538.46153846
11769230.769230768
9e6
5307692.307692308
5307692.307692308
5307692.307692308
5307692.307692308
5399999.999999999
5999999.999999999
5999999.999999999
5999999.999999999
5999999.999999999
5999999.999999999
5999999.999999999
5999999.999999999
5999999.999999999
3230769.23076923
3230769.23076923
3230769.23076923
3599999.9999999995
5649230.769230768
8097230.769230768
11769230.769230768
11769230.769230768
11769230.769230768
11769230.769230768
9e6
5307692.307692308
5307692.307692308
5307692.307692308
5399999.999999999
5399999.999999999
5999999.999999999
5999999.999999999
5999999.999999999
5999999.999999999
5999999.999999999
5999999.999999999
5999999.999999999
5999999.999999999
5649230.769230768
5649230.769230768
5649230.769230768
5649230.769230768
5649230.769230768
8097230.769230768
11769230.769230768
11769230.769230768
11769230.769230768
11769230.769230768
9e6
5999999.999999999
5999999.999999999
5999999.999999999
5999999.999999999
5999999.999999999
5999999.999999999
5999999.999999999
5999999.999999999
5999999.999999999
5999999.999999999
5999999.999999999
5999999.999999999
5999999.999999999
5999999.999999999
5999999.999999999
5999999.999999999
9672e3
11789538.46153846
11789538.46153846
15461538.46153846
15461538.46153846
15461538.46153846
11769230.769230768
9e6
5999999.999999999
5999999.999999999
5999999.999999999
5999999.999999999
5999999.999999999
5999999.999999999
5999999.999999999
5999999.999999999
5999999.999999999
5999999.999999999
5999999.999999999
5999999.999999999
5999999.999999999
3230769.23076923
3230769.23076923
3230769.23076923
6893538.46153846
9341538.46153846
11789538.46153846
15461538.46153846
15461538.46153846
15461538.46153846
11769230.769230768
9e6
5307692.307692308
5307692.307692308
5307692.307692308
5307692.307692308
5399999.999999999
5999999.999999999
5999999.999999999
5999999.999999999
5999999.999999999
5999999.999999999
8769230.769230768
8769230.769230768
8769230.769230768
6e6
6e6
6e6
6e6
6e6
7485230.769230767
7485230.769230767
11769230.769230768
11769230.769230768
11769230.769230768
9e6
5307692.307692308
5307692.307692308
5307692.307692308
5399999.999999999
5399999.999999999
5999999.999999999
5999999.999999999
5999999.999999999
5999999.999999999
5999999.999999999
5999999.999999999
5999999.999999999
5999999.999999999
3230769.23076923
3230769.23076923
3230769.23076923
3599999.9999999995
6048e3
8496e3
12168e3
12168e3
12168e3
11769230.769230768
9e6
5307692.307692308
5307692.307692308
5307692.307692308
5307692.307692308
5399999.999999999
5999999.999999999
5999999.999999999
5999999.999999999
5999999.999999999
6369230.769230768
6369230.769230768
6369230.769230768
6369230.769230768
3599999.9999999995
3599999.9999999995
3599999.9999999995
3599999.9999999995
3599999.9999999995
6048e3
972e4
972e4
972e4
972e4
9e6
5307692.307692308
5307692.307692308
5307692.307692308
5399999.999999999
5399999.999999999
5999999.999999999
5999999.999999999
5999999.999999999
5999999.999999999
5999999.999999999
5999999.999999999
5999999.999999999
5999999.999999999
3230769.23076923
3230769.23076923
3230769.23076923
3599999.9999999995
3813230.769230767
3813230.769230767
7485230.769230767
11769230.769230768
11769230.769230768
11769230.769230768
9e6
5307692.307692308
5307692.307692308
5307692.307692308
5399999.999999999
5399999.999999999
5999999.999999999
5999999.999999999
5999999.999999999
5999999.999999999
5999999.999999999
5999999.999999999
5999999.999999999
5999999.999999999
5999999.999999999
5999999.999999999
5999999.999999999
5999999.999999999
5999999.999999999
5999999.999999999
9672e3
11769230.769230768
11769230.769230768
11769230.769230768
9e6
5307692.307692308
5307692.307692308
5307692.307692308
5999999.999999999
5999999.999999999
5999999.999999999
5999999.999999999
5999999.999999999
5999999.999999999
5999999.999999999
5999999.999999999
5999999.999999999
5999999.999999999
3230769.23076923
3230769.23076923
3230769.23076923
3599999.9999999995
6048e3
8496e3
11177538.46153846
15461538.46153846
15461538.46153846
11769230.769230768
9e6
5399999.999999999
5399999.999999999
5399999.999999999
5399999.999999999
5399999.999999999
5999999.999999999
5999999.999999999
5999999.999999999
5999999.999999999
5999999.999999999
5999999.999999999
5999999.999999999
4569230.769230769
1799999.9999999998
1799999.9999999998
2999999.9999999995
3599999.9999999995
3599999.9999999995
6048e3
7505538.461538459
11789538.46153846
15461538.46153846
11769230.769230768
9e6
5307692.307692308
5307692.307692308
5307692.307692308
5307692.307692308
5399999.999999999
5999999.999999999
5999999.999999999
5999999.999999999
5999999.999999999
5999999.999999999
5999999.999999999
5999999.999999999
5999999.999999999
3230769.23076923
3230769.23076923
3599999.9999999995
3599999.9999999995
5057538.46153846
7505538.46153846
11177538.46153846
15461538.46153846
15461538.46153846
11769230.769230768
9e6
5307692.307692308
5307692.307692308
5307692.307692308
5307692.307692308
5399999.999999999
5999999.999999999
5999999.999999999
5999999.999999999
5999999.999999999
5999999.999999999
5999999.999999999
5999999.999999999
4569230.769230769
1799999.9999999998
1799999.9999999998
2999999.9999999995
3599999.9999999995
5057538.46153846
7505538.46153846
11177538.46153846
15461538.46153846
15461538.46153846
11769230.769230768
9e6
5999999.999999999
5999999.999999999
5999999.999999999
5999999.999999999
5999999.999999999
5999999.999999999
5999999.999999999
5999999.999999999
5999999.999999999
5999999.999999999
5999999.999999999
5999999.999999999
5999999.999999999
3230769.23076923
3230769.23076923
3230769.23076923
3599999.9999999995
5649230.769230768
8097230.769230768
11769230.769230768
11769230.769230768
11769230.769230768
11769230.769230768
9e6
5307692.307692308
5307692.307692308
5307692.307692308
5399999.999999999
5399999.999999999
5999999.999999999
5999999.999999999
5999999.999999999
5999999.999999999
5999999.999999999
5999999.999999999
5999999.999999999
5999999.999999999
5999999.999999999
5999999.999999999
5999999.999999999
5999999.999999999
8448e3
10896e3
11769230.769230768
11769230.769230768
11769230.769230768
11769230.769230768
9e6
5307692.307692308
5307692.307692308
5307692.307692308
5307692.307692308
5399999.999999999
5999999.999999999
5999999.999999999
5999999.999999999
5999999.999999999
5999999.999999999
5999999.999999999
5769230.769230768
5769230.769230768
2999999.9999999995
2999999.9999999995
2999999.9999999995
3599999.9999999995
6048e3
7505538.46153846
11177538.46153846
15461538.46153846
15461538.46153846
11769230.769230768
9e6
5307692.307692308
5307692.307692308
5307692.307692308
5399999.999999999
5399999.999999999
5999999.999999999
5999999.999999999
5999999.999999999
5999999.999999999
5999999.999999999
5999999.999999999
5999999.999999999
4569230.769230769
1799999.9999999998
1799999.9999999998
2999999.9999999995
3599999.9999999995
5057538.46153846
7505538.46153846
11177538.46153846
15461538.46153846
15461538.46153846
11769230.769230768
9e6
5307692.307692308
5307692.307692308
5307692.307692308
5307692.307692308
5399999.999999999
5999999.999999999
5999999.999999999
5999999.999999999
5999999.999999999
5999999.999999999
5999999.999999999
5999999.999999999
5999999.999999999
3230769.23076923
3230769.23076923
3230769.23076923
3599999.9999999995
6048e3
7485230.769230768
7485230.769230768
11769230.769230768
11769230.769230768
11769230.769230768
9e6
5307692.307692308
5307692.307692308
5307692.307692308
5307692.307692308
5399999.999999999
5999999.999999999
5999999.999999999
5999999.999999999
5999999.999999999
5999999.999999999
5999999.999999999
5999999.999999999
5999999.999999999
3230769.23076923
3230769.23076923
3230769.23076923
3599999.9999999995
6048e3
8496e3
8496e3
11769230.769230768
11769230.769230768
11769230.769230768
9e6
5307692.307692308
5307692.307692308
5307692.307692308
5399999.999999999
5399999.999999999
5999999.999999999
5999999.999999999
5999999.999999999
5999999.999999999
5999999.999999999
5999999.999999999
5999999.999999999
5999999.999999999
3230769.23076923
3230769.23076923
3230769.23076923
5037230.769230768
7485230.769230768
7485230.769230768
7485230.769230768
11769230.769230768
11769230.769230768
11769230.769230768
9e6
5307692.307692308
5307692.307692308
5307692.307692308
5307692.307692308
5399999.999999999
5999999.999999999
5999999.999999999
5999999.999999999
5999999.999999999
5999999.999999999
5999999.999999999
5999999.999999999
4569230.769230769
1799999.9999999998
1799999.9999999998
2999999.9999999995
5057538.46153846
7505538.46153846
7505538.46153846
11177538.46153846
15461538.46153846
15461538.46153846
11769230.769230768
9e6
5307692.307692308
4199999.999999999
4199999.999999999
5999999.999999999
5999999.999999999
5999999.999999999
5999999.999999999
5999999.999999999
5999999.999999999
5999999.999999999
5999999.999999999
5999999.999999999
5999999.999999999
3230769.23076923
3230769.23076923
3230769.23076923
6893538.46153846
9341538.46153846
11789538.46153846
15461538.46153846
15461538.46153846
15461538.46153846
11769230.769230768
9e6
5307692.307692308
5307692.307692308
5307692.307692308
5399999.999999999
5399999.999999999
5999999.999999999
5999999.999999999
5999999.999999999
5999999.999999999
5999999.999999999
5999999.999999999
4799999.999999999
4569230.769230769
1799999.9999999998
1799999.9999999998
2999999.9999999995
6672e3
912e4
11568e3
1524e4
19524e3
15461538.46153846
11769230.769230768
9e6
5307692.307692308
5307692.307692308
5307692.307692308
5307692.307692308
5399999.999999999
5999999.999999999
5999999.999999999
5999999.999999999
5999999.999999999
5999999.999999999
5999999.999999999
5999999.999999999
4569230.769230769
1799999.9999999998
1199999.9999999998
3432e3
7104e3
9552e3
12e6
15672e3
19956e3
15461538.46153846
11769230.769230768
9e6
5307692.307692308
5307692.307692308
5307692.307692308
5307692.307692308
5399999.999999999
5999999.999999999
5999999.999999999
5999999.999999999
5999999.999999999
5999999.999999999
5999999.999999999
5999999.999999999
5999999.999999999
3230769.23076923
3230769.23076923
3230769.23076923
3599999.9999999995
5057538.461538468
7505538.461538468
11177538.461538468
15461538.461538468
15461538.461538468
11769230.769230768
9e6
5399999.999999999
5399999.999999999
5399999.999999999
5399999.999999999
5399999.999999999
5999999.999999999
5999999.999999999
5999999.999999999
5999999.999999999
5999999.999999999
5999999.999999999
5999999.999999999
5999999.999999999
3230769.23076923
3230769.23076923
3230769.23076923
3599999.9999999995
5057538.46153846
7505538.46153846
11177538.46153846
15461538.46153846
15461538.46153846
11769230.769230768
9e6
5307692.307692308
5307692.307692308
5307692.307692308
5399999.999999999
5399999.999999999
5999999.999999999
5999999.999999999
5999999.999999999
5999999.999999999
5999999.999999999
5999999.999999999
5999999.999999999
5769230.769230768
2999999.9999999995
2999999.9999999995
2999999.9999999995
6672e3
912e4
11568e3
1524e4
15461538.46153846
15461538.46153846
11769230.769230768
9e6
9e6
5999999.999999999
5999999.999999999
5999999.999999999
5999999.999999999
5999999.999999999
5999999.999999999
5999999.999999999
5999999.999999999
5999999.999999999
5999999.999999999
5999999.999999999
5990769.230769229
3221538.46153846
3221538.46153846
3221538.46153846
6893538.46153846
9341538.46153846
11789538.46153846
15461538.46153846
15461538.46153846
15461538.46153846
11769230.769230768
9e6
5999999.999999999
5999999.999999999
5999999.999999999
5999999.999999999
5999999.999999999
5999999.999999999
5999999.999999999
5999999.999999999
5999999.999999999
5999999.999999999
5999999.999999999
5999999.999999999
4569230.769230769
1799999.9999999998
1799999.9999999998
2999999.9999999995
3599999.9999999995
6048e3
8496e3
12168e3
15461538.46153846
15461538.46153846
11769230.769230768
9e6
5307692.307692308
5307692.307692308
5307692.307692308
5307692.307692308
5399999.999999999
5999999.999999999
5999999.999999999
5999999.999999999
5999999.999999999
5999999.999999999
5999999.999999999
5999999.999999999
5999999.999999999
3599999.9999999995
3599999.9999999995
3599999.9999999995
3599999.9999999995
3599999.9999999995
6048e3
972e4
14004e3
14004e3
11769230.769230768
9e6
5307692.307692308
5307692.307692308
5307692.307692308
5399999.999999999
5399999.999999999
5999999.999999999
5999999.999999999
5999999.999999999
5999999.999999999
5999999.999999999
5999999.999999999
5999999.999999999
5999999.999999999
4199999.999999999
4199999.999999999
4199999.999999999
4199999.999999999
4199999.999999999
4199999.999999999
4199999.999999999
4199999.999999999
3599999.9999999995
